Var1
91780207.9564534
40421392.0509981
18757855.3626646
18757855.3626646
18757855.3626646
18757855.3626646
18757855.3626646
18757855.3626646
18757855.3626646
18757855.3626646
18757855.3626646
18757855.3626646
18757855.3626646
18757855.3626646
18757855.3626646
18757855.3626646
18757855.3626646
18757855.3626646
18757855.3626646
18757855.3626646
18757855.3626646
18757855.3626646
18757855.3626646
18757855.3626646
18757855.3626646
18757855.3626646
18757855.3626646
18757855.3626646
18757855.3626646
18757855.3626646
18757855.3626646
18757855.3626646
18757855.3626646
18757855.3626646
18757855.3626646
18757855.3626646
18757855.3626646
18757855.3626646
18757855.3626646
18757855.3626646
18757855.3626646
18757855.3626646
18757855.3626646
18757855.3626646
18757855.3626646
18757855.3626646
18757855.3626646
18757855.3626646
18757855.3626646
18757855.3626646
18757855.3626646
18757855.3626646
18757855.3626646
18757855.3626646
18757855.3626646
18757855.3626646
18757855.3626646
18757855.3626646
18757855.3626646
18757855.3626646
18757855.3626646
18757855.3626646
18757855.3626646
18757855.3626646
18757855.3626646
18757855.3626646
18757855.3626646
18757855.3626646
18757855.3626646
18757855.3626646
18757855.3626646
18757855.3626646
18757855.3626646
18757855.3626646
18757855.3626646
18757855.3626646
18757855.3626646
18757855.3626646
18757855.3626646
18757855.3626646
18757855.3626646
18757855.3626646
18757855.3626646
18757855.3626646
18757855.3626646
18757855.3626646
18757855.3626646
18757855.3626646
18757855.3626646
18757855.3626646
18757855.3626646
18757855.3626646
18757855.3626646
18757855.3626646
18757855.3626646
18757855.3626646
18757855.3626646
18757855.3626646
18757855.3626646
18757855.3626646
18757855.3626646
18757855.3626646
17570142.5797097
17570142.5797097
17570142.5797097
17570142.5797097
17570142.5797097
17570142.5797097
16107026.1106676
10033821.6338
10033821.6338
8709984.1431568
8709984.1431568
8709984.1431568
6605245.40829133
3271411.44893652
2617959.01844847
2617959.01844847
2617959.01844847
2617959.01844847
2414513.37317043
2414513.37317043
2414513.37317043
1972684.10914743
1820204.64027263
1820204.64027263
1820204.64027263
1820204.64027263
1820204.64027263
1820204.64027263
1820204.64027263
1820204.64027263
1820204.64027263
1820204.64027263
1820204.64027263
1820204.64027263
1820204.64027263
1820204.64027263
1820204.64027263
1820204.64027263
1820204.64027263
1820204.64027263
1820204.64027263
1820204.64027263
1820204.64027263
1820204.64027263
1820204.64027263
1820204.64027263
1820204.64027263
1820204.64027263
1820204.64027263
1820204.64027263
1820204.64027263
1713510.8017598
1625032.48987228
1625032.48987228
1469387.14368837
1208836.77902031
1074021.68389452
1074021.68389452
1074021.68389452
710042.304878616
666923.63988379
576018.251415376
576018.251415376
576018.251415376
576018.251415376
576018.251415376
576018.251415376
576018.251415376
576018.251415376
576018.251415376
576018.251415376
576018.251415376
576018.251415376
576018.251415376
576018.251415376
576018.251415376
576018.251415376
576018.251415376
576018.251415376
450694.708074946
439630.161904909
439630.161904909
347440.752901943
347440.752901943
347440.752901943
347440.752901943
347440.752901943
347440.752901943
347440.752901943
347440.752901943
347440.752901943
347440.752901943
329143.727820404
329143.727820404
329143.727820404
329143.727820404
329143.727820404
329143.727820404
329143.727820404
329143.727820404
329143.727820404
329143.727820404
329143.727820404
329143.727820404
329143.727820404
329143.727820404
329143.727820404
329143.727820404
329143.727820404
329143.727820404
301517.179804682
301517.179804682
301517.179804682
301517.179804682
301517.179804682
276149.749340825
276149.749340825
202515.677056019
182753.636084625
180777.431987485
180777.431987485
180777.431987485
180777.431987485
180777.431987485
175203.872022436
175203.872022436
175203.872022436
174848.819696067
165679.275340943
165679.275340943
162991.59511323
162991.59511323
162991.59511323
148023.929024521
148023.929024521
141253.350044696
129676.878742654
129676.878742654
129396.125461859
127750.604631771
124488.556521043
124488.556521043
124488.556521043
124488.556521043
124488.556521043
124488.556521043
124488.556521043
117538.900879023
110676.273057799
110676.273057799
110676.273057799
110676.273057799
110676.273057799
110676.273057799
110676.273057799
110676.273057799
110676.273057799
110676.273057799
110676.273057799
109463.571503283
107184.325781069
107184.325781069
101841.088178012
95800.6558104886
91848.2476162098
91848.2476162098
91848.2476162098
87895.8394219309
85919.6353247914
78806.6969850387
78014.8189362336
74301.4703298314
64181.3902562574
60228.9820619785
60228.9820619785
58090.2404396863
58090.2404396863
54707.4886240041
54707.4886240041
54707.4886240041
54707.4886240041
54707.4886240041
54707.4886240041
54707.4886240041
54707.4886240041
54707.4886240041
54707.4886240041
54707.4886240041
54707.4886240041
54707.4886240041
54707.4886240041
54707.4886240041
54707.4886240041
54707.4886240041
54707.4886240041
54707.4886240041
54707.4886240041
54707.4886240041
54707.4886240041
54707.4886240041
54707.4886240041
54707.4886240041
54707.4886240041
54707.4886240041
54707.4886240041
54707.4886240041
54707.4886240041
54707.4886240041
54707.4886240041
54707.4886240041
54707.4886240041
54707.4886240041
54707.4886240041
53254.126379357
53254.126379357
53254.126379357
53254.126379357
53254.126379357
53254.126379357
53254.126379357
53156.4112179432
50811.7695924881
50811.7695924881
49009.3302338224
41239.723424095
41239.723424095
41239.723424095
41239.723424095
41239.723424095
33840.8425228329
31818.9366035311
31818.9366035311
31818.9366035311
31818.9366035311
31818.9366035311
31818.9366035311
31818.9366035311
31818.9366035311
31818.9366035311
31818.9366035311
31818.9366035311
31818.9366035311
31818.9366035311
31818.9366035311
31818.9366035311
31818.9366035311
31818.9366035311
31818.9366035311
31818.9366035311
31818.9366035311
31818.9366035311
31818.9366035311
31818.9366035311
31818.9366035311
31818.9366035311
31818.9366035311
31818.9366035311
31818.9366035311
31818.9366035311
31818.9366035311
31818.9366035311
31818.9366035311
31818.9366035311
31818.9366035311
31818.9366035311
31818.9366035311
31818.9366035311
31818.9366035311
31818.9366035311
31818.9366035311
31818.9366035311
31818.9366035311
31818.9366035311
31818.9366035311
31818.9366035311
31818.9366035311
31818.9366035311
31818.9366035311
31818.9366035311
31818.9366035311
31818.9366035311
31818.9366035311
31818.9366035311
31818.9366035311
31818.9366035311
31818.9366035311
31818.9366035311
31818.9366035311
31818.9366035311
31818.9366035311
31818.9366035311
27669.3943036176
27669.3943036176
25524.1792517017
25379.2222667418
25379.2222667418
22993.9193036136
22993.9193036136
22993.9193036136
17593.9645335871
17593.9645335871
17593.9645335871
17593.9645335871
17593.9645335871
17351.465177602
17351.465177602
17351.465177602
17351.465177602
17351.465177602
17351.465177602
15520.9464194451
14720.4333305368
14720.4333305368
14720.4333305368
14641.2871099468
14641.2871099468
14367.7926997033
13935.5344576877
13113.3264775978
12383.5783883052
10900.2145990486
10643.7028706496
10489.0626867349
10489.0626867349
10489.0626867349
10489.0626867349
10489.0626867349
10489.0626867349
10431.3044495748
10431.3044495748
9878.39783074119
9813.08231216595
8943.01884386174
8100.34929976593
8100.34929976593
8044.47582674499
7308.57521691067
7308.57521691067
7308.57521691067
7209.36164113277
7209.36164113277
7209.36164113277
7209.36164113277
7209.36164113277
7209.36164113277
7209.36164113277
7209.36164113277
7209.36164113277
7209.36164113277
7209.36164113277
7209.36164113277
7052.83601540525
7052.83601540525
7052.83601540525
7052.83601540525
7052.83601540525
7052.83601540525
7052.83601540525
7052.83601540525
7052.83601540525
7052.83601540525
7052.83601540525
7052.83601540525
7052.83601540525
6799.07630192063
6799.07630192063
6799.07630192063
6799.07630192063
6799.07630192063
6799.07630192063
6799.07630192063
6799.07630192063
6799.07630192063
6799.07630192063
6617.94472573397
6575.03178311319
6556.33590193037
6448.19299380982
6382.32506068392
6382.32506068392
6329.37382531178
6329.37382531178
6166.46916587112
6166.46916587112
6166.46916587112
6166.46916587112
6166.46916587112
6166.46916587112
6008.30117862946
6008.30117862946
6008.30117862946
6008.30117862946
5988.20348149124
5988.20348149124
5871.50569056835
5871.50569056835
5871.50569056835
5871.50569056835
5842.21215519798
5842.21215519798
5842.21215519798
5842.21215519798
5842.21215519798
5842.21215519798
5842.21215519798
5526.73147028755
5526.73147028755
5228.90364448749
4989.87781781417
4989.87781781417
4989.87781781417
4989.87781781417
4989.87781781417
4989.87781781417
4989.87781781417
4989.87781781417
4989.87781781417
4989.87781781417
4989.87781781417
4989.87781781417
4989.87781781417
4989.87781781417
4989.87781781417
4943.91421153159
4943.91421153159
4943.91421153159
4943.91421153159
4943.91421153159
4673.71874779422
4673.71874779422
4673.71874779422
4673.71874779422
4673.71874779422
4673.71874779422
4673.71874779422
4673.71874779422
4673.71874779422
4673.71874779422
4673.71874779422
4673.71874779422
4673.71874779422
4673.71874779422
4673.71874779422
4673.71874779422
4673.71874779422
4673.71874779422
4673.71874779422
4673.71874779422
4673.71874779422
4673.71874779422
4673.71874779422
4673.71874779422
4407.31637543238
4407.31637543238
4345.43640232419
4089.76694503665
4089.16543066512
4089.16543066512
3803.94244306219
3633.95180615582
3607.68462204097
3607.68462204097
3534.96386448804
3534.96386448804
3534.96386448804
3446.26816741867
3426.3529407649
3426.3529407649
3426.3529407649
3426.3529407649
3423.36985735276
3423.36985735276
3365.89849668488
3324.57796975947
3297.75311335809
3293.70953733555
3293.70953733555
3293.70953733555
3293.70953733555
3293.70953733555
3293.70953733555
3293.70953733555
3293.70953733555
3293.70953733555
3293.70953733555
3293.70953733555
3293.70953733555
3293.70953733555
3293.70953733555
3293.70953733555
3293.70953733555
3293.70953733555
3293.70953733555
3293.70953733555
3293.70953733555
3293.70953733555
3293.70953733555
3293.70953733555
3293.70953733555
3293.70953733555
3293.70953733555
3293.70953733555
3293.70953733555
3293.70953733555
3293.70953733555
3293.70953733555
3293.70953733555
3293.70953733555
3293.70953733555
3293.70953733555
3293.70953733555
3293.70953733555
3293.70953733555
3293.70953733555
3293.70953733555
3293.70953733555
3293.70953733555
3293.70953733555
3293.70953733555
3293.70953733555
3293.70953733555
3293.70953733555
3293.70953733555
3293.70953733555
3293.70953733555
3293.70953733555
3293.70953733555
3293.70953733555
3293.70953733555
3293.70953733555
3293.70953733555
3293.70953733555
3293.70953733555
3293.70953733555
3293.70953733555
3293.70953733555
3293.70953733555
3293.70953733555
3293.70953733555
3293.70953733555
3293.70953733555
3293.70953733555
3293.70953733555
3293.70953733555
3293.70953733555
3293.70953733555
3293.70953733555
3293.70953733555
3293.70953733555
3293.70953733555
3293.70953733555
3293.70953733555
3293.70953733555
3293.70953733555
3293.70953733555
3293.70953733555
3293.70953733555
3293.70953733555
3293.70953733555
3293.70953733555
3293.70953733555
3293.70953733555
3293.70953733555
3293.70953733555
3293.70953733555
3293.70953733555
3293.70953733555
3293.70953733555
3293.70953733555
3293.70953733555
3293.70953733555
3293.70953733555
3293.70953733555
3176.97972720501
3148.48078390942
3148.48078390942
3148.48078390942
3022.22992263693
3022.22992263693
3022.22992263693
3022.22992263693
3022.22992263693
3022.22992263693
3022.22992263693
3022.22992263693
3022.22992263693
3022.22992263693
3022.22992263693
3022.22992263693
3006.96448637893
3006.96448637893
2994.9331017369
2994.9331017369
2994.9331017369
2994.9331017369
2994.9331017369
2994.9331017369
2994.9331017369
2994.9331017369
2994.9331017369
2994.9331017369
2994.9331017369
2994.9331017369
2994.9331017369
2994.9331017369
2994.9331017369
2994.9331017369
2994.9331017369
2994.9331017369
2994.9331017369
2994.9331017369
2994.9331017369
2994.9331017369
2994.9331017369
2994.9331017369
2994.9331017369
2994.9331017369
2994.9331017369
2994.9331017369
2994.9331017369
2795.46104284856
2795.46104284856
2795.46104284856
2795.46104284856
2761.20631897366
2693.81773701413
2693.81773701413
2693.81773701413
2652.13670541567
2607.00086129321
2529.58671854283
2430.33374885299
2430.33374885299
2430.33374885299
2350.5103716329
2284.30679857667
2284.30679857667
2261.3661029457
2236.51459845054
2236.51459845054
2236.51459845054
2236.51459845054
2236.51459845054
2236.51459845054
2236.51459845054
2236.51459845054
2236.51459845054
2236.51459845054
2236.51459845054
2236.51459845054
2236.51459845054
2236.51459845054
2199.21513910323
2180.23529266858
2180.23529266858
2179.51671185936
2179.51671185936
2179.51671185936
2179.51671185936
2179.51671185936
2179.51671185936
2179.51671185936
2179.51671185936
2179.51671185936
2179.51671185936
2179.51671185936
2179.51671185936
2179.51671185936
2179.51671185936
2179.51671185936
2179.51671185936
2179.51671185936
2179.51671185936
2179.51671185936
2179.51671185936
2179.51671185936
2179.51671185936
2179.51671185936
2179.51671185936
2179.51671185936
2179.51671185936
2179.51671185936
2179.51671185936
2179.51671185936
2179.51671185936
2179.51671185936
2179.51671185936
2179.51671185936
2179.51671185936
2179.51671185936
2179.51671185936
2179.51671185936
2179.51671185936
2179.51671185936
2179.51671185936
2179.51671185936
2179.51671185936
2179.51671185936
2179.51671185936
2179.51671185936
2179.51671185936
2179.51671185936
2179.51671185936
2179.51671185936
2179.51671185936
2179.51671185936
2179.51671185936
2179.51671185936
2179.51671185936
2179.51671185936
2179.51671185936
2179.51671185936
2179.51671185936
2179.51671185936
2179.51671185936
2179.51671185936
2179.51671185936
2179.51671185936
2179.51671185936
2179.51671185936
2179.51671185936
2179.51671185936
2179.51671185936
2179.51671185936
2179.51671185936
2179.51671185936
2179.51671185936
2179.51671185936
2179.51671185936
2179.51671185936
2179.51671185936
2179.51671185936
2179.51671185936
2179.51671185936
2179.51671185936
2179.51671185936
2179.51671185936
2179.51671185936
2179.51671185936
2179.51671185936
2179.51671185936
2179.51671185936
2179.51671185936
2179.51671185936
2179.51671185936
2179.51671185936
2179.51671185936
2179.51671185936
2179.51671185936
2179.51671185936
2179.51671185936
2179.51671185936
2179.51671185936
2179.51671185936
2179.51671185936
2179.51671185936
2179.51671185936
2179.51671185936
2179.51671185936
2179.51671185936
2179.51671185936
2179.51671185936
2179.51671185936
2179.51671185936
2179.51671185936
2179.51671185936
2179.51671185936
2179.51671185936
2179.51671185936
2179.51671185936
2179.51671185936
2179.51671185936
2179.51671185936
2179.51671185936
2179.51671185936
2179.51671185936
2179.51671185936
2179.51671185936
2179.51671185936
2179.51671185936
2146.44861009809
2146.44861009809
2146.44861009809
2146.44861009809
2056.83817942074
2056.83817942074
2003.32158933113
1932.40480604271
1932.40480604271
1931.97387577473
1909.06573301549
1858.19834501317
1724.90701678888
1720.84551730648
1666.53573253874
1666.53573253874
1666.53573253874
1666.53573253874
1666.53573253874
1666.53573253874
1662.09038012397
1662.09038012397
1662.09038012397
1662.09038012397
1579.38394167239
1476.80862928828
1476.20272152552
1438.54418617402
1438.54418617402
1438.54418617402
1377.72237273196
1367.45455796791
1346.12568387242
1343.19924166318
1343.19924166318
1265.12878536604
1265.12878536604
1237.17754298247
1237.17754298247
1222.92789551122
1222.92789551122
1222.92789551122
1222.92789551122
1222.92789551122
1222.92789551122
1222.92789551122
1222.92789551122
1222.92789551122
1222.92789551122
1222.92789551122
1222.92789551122
1222.92789551122
1222.92789551122
1222.92789551122
1222.92789551122
1222.92789551122
1194.69083898287
1194.69083898287
1194.69083898287
1125.05580992253
1125.05580992253
1125.05580992253
1125.05580992253
1125.05580992253
1116.50103874047
1116.50103874047
1116.50103874047
1116.50103874047
1113.2321172082
1113.2321172082
1111.64974412423
1111.64974412423
1111.64974412423
1111.64974412423
1111.64974412423
1111.64974412423
1111.64974412423
1111.64974412423
1049.30221333015
1049.30221333015
1039.55898003576
1039.55898003576
1011.42287811596
1011.06003674017
958.789089916272
931.834528704948
931.834528704948
931.834528704948
931.834528704948
931.834528704948
925.563206853397
901.312198688645
895.444797081347
895.444797081347
895.444797081347
888.906059700013
888.906059700013
888.906059700013
888.906059700013
888.906059700013
888.906059700013
888.906059700013
888.906059700013
888.906059700013
888.906059700013
888.906059700013
888.906059700013
821.700872471915
811.567433671037
811.567433671037
811.567433671037
811.567433671037
791.934915674017
783.068490375447
783.068490375447
783.068490375447
754.569547079857
754.569547079857
754.569547079857
754.569547079857
754.569547079857
754.569547079857
754.569547079857
724.373081129362
724.373081129362
716.314504935859
705.840791277259
698.218328823897
693.560505916177
688.153994159695
688.153994159695
688.153994159695
688.153994159695
688.153994159695
688.153994159695
688.153994159695
688.153994159695
688.153994159695
688.153994159695
688.153994159695
688.153994159695
688.153994159695
688.153994159695
688.153994159695
688.153994159695
688.153994159695
688.153994159695
688.153994159695
688.153994159695
688.153994159695
688.153994159695
688.153994159695
688.153994159695
688.153994159695
688.153994159695
688.153994159695
688.153994159695
632.843718073395
632.843718073395
632.843718073395
632.843718073395
632.843718073395
632.843718073395
632.843718073395
632.843718073395
632.843718073395
632.843718073395
632.843718073395
632.843718073395
610.33279356049
595.624209222765
595.624209222765
591.377457685163
591.377457685163
546.09366369402
543.982433004029
543.982433004029
528.219953058701
508.446048429335
508.446048429335
499.470823087874
499.470823087874
494.242667813745
483.925766443178
483.149470386117
482.45382579261
460.202983594296
460.202983594296
460.202983594296
460.202983594296
422.779853992849
422.779853992849
422.635081413402
408.804825496364
402.606417579236
397.760126996424
397.760126996424
388.511252587853
385.610173335686
385.610173335686
381.113790107836
381.113790107836
381.113790107836
381.113790107836
381.113790107836
381.113790107836
381.113790107836
381.113790107836
381.113790107836
381.113790107836
381.113790107836
381.113790107836
381.113790107836
381.113790107836
381.113790107836
381.113790107836
381.113790107836
381.113790107836
381.113790107836
381.113790107836
381.113790107836
381.113790107836
381.113790107836
381.113790107836
378.570527316522
378.570527316522
378.570527316522
378.570527316522
377.297073473825
377.297073473825
377.297073473825
377.297073473825
377.297073473825
377.297073473825
375.312075659141
375.263544217279
371.33974458152
371.33974458152
371.33974458152
371.33974458152
371.33974458152
371.33974458152
371.33974458152
367.918385896302
364.533488488743
362.1453032064
360.882013113826
360.882013113826
360.882013113826
360.882013113826
360.882013113826
360.882013113826
360.882013113826
360.882013113826
360.882013113826
360.882013113826
360.882013113826
360.882013113826
360.882013113826
360.882013113826
360.882013113826
360.882013113826
358.147837587996
358.147837587996
358.147837587996
358.147837587996
357.474499727457
357.474499727457
355.13280158057
350.117492288439
348.329945662247
337.87059992401
332.60142514537
332.60142514537
332.60142514537
327.614958769143
326.495211429048
322.960931662098
314.165846115912
310.88124120486
308.108406590265
308.108406590265
308.108406590265
308.108406590265
308.108406590265
308.108406590265
308.108406590265
308.108406590265
308.108406590265
308.108406590265
308.108406590265
308.108406590265
308.108406590265
308.108406590265
308.108406590265
308.108406590265
308.108406590265
306.931993853278
305.863461254177
305.863461254177
305.863461254177
302.801816823994
302.801816823994
302.801816823994
302.801816823994
302.801816823994
302.801816823994
292.227641439406
292.227641439406
292.227641439406
292.227641439406
292.227641439406
292.227641439406
292.227641439406
292.227641439406
292.227641439406
292.227641439406
292.227641439406
292.227641439406
292.227641439406
292.227641439406
292.227641439406
292.227641439406
292.227641439406
292.227641439406
292.227641439406
292.227641439406
292.227641439406
292.227641439406
292.227641439406
292.227641439406
292.227641439406
292.227641439406
292.227641439406
292.227641439406
292.227641439406
292.227641439406
292.227641439406
292.227641439406
292.227641439406
292.227641439406
292.227641439406
292.227641439406
292.227641439406
292.227641439406
292.227641439406
292.227641439406
292.227641439406
292.227641439406
292.227641439406
292.227641439406
292.227641439406
292.227641439406
292.227641439406
292.227641439406
292.227641439406
292.227641439406
292.227641439406
292.227641439406
292.227641439406
292.227641439406
292.227641439406
292.227641439406
292.227641439406
292.227641439406
292.227641439406
292.227641439406
292.227641439406
292.227641439406
292.227641439406
292.227641439406
292.227641439406
292.227641439406
292.227641439406
292.227641439406
292.227641439406
292.227641439406
292.227641439406
292.227641439406
292.227641439406
292.227641439406
292.227641439406
290.469103482007
288.269129958313
287.300391123891
285.057925878407
278.398055807918
278.398055807918
278.398055807918
278.398055807918
278.398055807918
278.398055807918
278.398055807918
278.398055807918
278.398055807918
278.398055807918
278.398055807918
278.398055807918
278.398055807918
278.398055807918
278.398055807918
278.398055807918
278.398055807918
278.398055807918
278.398055807918
278.398055807918
278.398055807918
278.398055807918
278.398055807918
278.398055807918
278.398055807918
278.398055807918
278.398055807918
278.398055807918
278.398055807918
278.398055807918
278.398055807918
278.398055807918
278.398055807918
278.398055807918
278.398055807918
278.398055807918
278.398055807918
278.398055807918
278.398055807918
278.398055807918
278.398055807918
278.398055807918
278.398055807918
278.398055807918
278.398055807918
278.398055807918
278.398055807918
278.398055807918
278.398055807918
278.398055807918
278.398055807918
278.398055807918
278.398055807918
275.210898817801
263.109039822408
263.109039822408
263.109039822408
263.109039822408
263.109039822408
263.109039822408
263.109039822408
263.109039822408
263.109039822408
263.109039822408
263.109039822408
263.109039822408
263.109039822408
263.109039822408
263.109039822408
259.724828005694
259.724828005694
259.724828005694
259.724828005694
259.724828005694
259.724828005694
259.724828005694
259.724828005694
259.724828005694
259.724828005694
259.724828005694
259.724828005694
259.724828005694
259.724828005694
259.724828005694
259.724828005694
259.724828005694
259.724828005694
259.724828005694
259.724828005694
259.724828005694
259.724828005694
259.724828005694
259.724828005694
259.724828005694
259.724828005694
259.724828005694
259.724828005694
259.724828005694
259.724828005694
259.724828005694
259.724828005694
259.504038825983
259.504038825983
259.504038825983
259.504038825983
259.504038825983
259.504038825983
259.504038825983
259.504038825983
259.504038825983
259.504038825983
246.672404770936
246.672404770936
243.354585505141
242.909160968259
242.909160968259
234.631063335376
224.183990057434
216.490763797659
214.046600145887
209.845036823499
209.713019293335
209.321237038141
209.321237038141
209.321237038141
209.321237038141
209.321237038141
209.321237038141
209.321237038141
209.321237038141
209.321237038141
209.321237038141
209.321237038141
209.321237038141
209.321237038141
209.321237038141
209.321237038141
206.480664231052
206.480664231052
206.480664231052
206.480664231052
206.480664231052
206.480664231052
206.480664231052
206.480664231052
206.480664231052
206.480664231052
206.480664231052
206.480664231052
206.480664231052
206.480664231052
206.480664231052
206.480664231052
206.480664231052
206.480664231052
206.480664231052
206.480664231052
206.480664231052
206.480664231052
206.480664231052
206.480664231052
206.480664231052
206.480664231052
206.480664231052
206.480664231052
206.480664231052
206.480664231052
206.480664231052
206.480664231052
206.480664231052
206.480664231052
206.480664231052
206.480664231052
206.480664231052
206.480664231052
206.480664231052
206.480664231052
206.480664231052
206.480664231052
206.480664231052
206.480664231052
206.480664231052
206.480664231052
206.480664231052
206.480664231052
206.480664231052
206.480664231052
206.480664231052
206.480664231052
206.480664231052
206.480664231052
206.480664231052
206.480664231052
206.480664231052
206.480664231052
205.748479295112
203.41499365442
199.677206937541
198.380098856247
198.380098856247
193.753118962747
193.753118962747
193.753118962747
193.753118962747
193.753118962747
193.753118962747
193.753118962747
193.753118962747
192.988412388929
192.988412388929
192.988412388929
192.572833087008
186.953946082241
184.90520315435
184.677358569726
183.318372692452
183.318372692452
182.958552046487
180.64042346692
180.64042346692
180.64042346692
180.64042346692
180.64042346692
177.982804321573
175.032664292916
165.328622313132
165.328622313132
160.317039000894
160.317039000894
154.936056293541
154.936056293541
154.936056293541
154.936056293541
154.936056293541
153.750926370679
153.409607511919
153.409607511919
153.409607511919
153.409607511919
150.43545834565
150.43545834565
150.43545834565
148.919751665745
147.126671421113
147.126671421113
147.126671421113
147.126671421113
147.126671421113
147.126671421113
147.126671421113
147.126671421113
147.126671421113
146.2029088677
145.928771841776
145.928771841776
145.928771841776
145.928771841776
145.928771841776
145.928771841776
145.928771841776
145.928771841776
145.928771841776
145.928771841776
145.928771841776
145.928771841776
145.928771841776
145.928771841776
145.928771841776
145.928771841776
145.928771841776
145.928771841776
145.928771841776
145.928771841776
145.928771841776
145.928771841776
145.928771841776
145.928771841776
145.928771841776
145.928771841776
145.928771841776
145.928771841776
145.928771841776
145.928771841776
145.928771841776
145.928771841776
145.88736472393
145.88736472393
144.212206815935
144.212206815935
144.212206815935
143.861604330058
141.118332955031
140.033749592114
140.033749592114
139.864644748212
139.864644748212
139.864644748212
135.641279400715
135.641279400715
135.641279400715
134.3114577097
132.973282038202
132.973282038202
132.973282038202
129.867435093325
124.305760432016
124.305760432016
123.916133303085
123.605496137346
123.605496137346
121.504569013303
120.244361247676
119.988191960667
119.988191960667
119.988191960667
119.988191960667
119.988191960667
119.988191960667
119.988191960667
117.930279541278
116.836608838522
115.997850477233
115.997850477233
114.470516940286
114.420935114991
114.420935114991
114.420935114991
114.420935114991
113.39506340882
112.545902171156
112.545902171156
111.7006039734
111.348994977354
111.314543653159
111.314543653159
110.621287402026
110.621287402026
109.340948758496
108.063018077779
106.22757080006
106.22757080006
106.176227852879
104.847443094636
104.847443094636
103.891688352018
103.356880780818
103.356880780818
102.127515569323
100.998213556377
100.823751327558
99.0735987872467
99.0735987872467
99.0547000609036
99.0547000609036
99.0547000609036
98.2663390941597
98.0915020262217
98.0915020262217
97.1489840181168
97.1489840181168
97.0069954766433
95.6300268727652
95.6300268727652
95.6300268727652
95.6300268727652
95.6300268727652
95.6300268727652
95.6300268727652
95.6300268727652
95.6300268727652
95.6300268727652
95.5248654529201
95.5248654529201
95.5248654529201
95.3830555950691
95.2243692489869
91.8602718361144
91.8602718361144
91.8602718361144
91.8602718361144
91.8602718361144
91.8602718361144
91.8602718361144
91.8602718361144
91.8602718361144
91.8602718361144
91.8602718361144
91.8602718361144
91.8602718361144
91.8602718361144
91.8602718361144
91.8602718361144
91.8586886915971
91.375139710727
91.375139710727
91.3329792622169
91.0562610250298
90.6060126293206
90.6060126293206
88.9534534934446
88.9534534934446
88.4518115250318
85.9246606877235
85.9246606877235
85.9246606877235
85.9246606877235
85.9246606877235
85.9246606877235
85.9246606877235
85.9246606877235
85.9246606877235
85.9246606877235
85.9246606877235
85.9246606877235
85.9246606877235
85.9246606877235
85.9246606877235
85.9246606877235
85.9246606877235
85.9246606877235
85.9246606877235
85.9246606877235
85.9246606877235
85.9246606877235
85.9246606877235
85.9246606877235
85.9246606877235
85.9246606877235
85.9246606877235
85.9246606877235
85.9246606877235
85.9246606877235
85.9246606877235
85.9246606877235
85.9246606877235
85.9246606877235
85.9246606877235
85.9246606877235
85.9246606877235
85.9246606877235
85.9246606877235
85.9246606877235
85.9246606877235
85.9246606877235
85.9246606877235
85.9246606877235
85.9246606877235
85.9246606877235
85.9246606877235
85.9246606877235
85.9246606877235
85.9246606877235
85.9246606877235
85.9246606877235
85.9246606877235
85.9246606877235
85.9246606877235
85.9246606877235
85.9246606877235
85.9246606877235
85.9246606877235
85.9246606877235
85.9246606877235
85.9246606877235
85.9246606877235
85.9246606877235
85.9246606877235
85.9246606877235
85.9246606877235
85.9246606877235
85.9246606877235
85.9246606877235
85.9246606877235
85.9246606877235
85.9246606877235
85.9246606877235
85.9246606877235
85.9246606877235
85.9246606877235
85.9246606877235
85.9246606877235
85.9246606877235
85.9246606877235
85.9246606877235
85.9246606877235
85.9246606877235
85.9246606877235
85.6979527070325
85.6012954033373
85.6012954033373
85.6012954033373
85.6012954033373
85.6012954033373
85.6012954033373
85.6012954033373
84.2722633668057
83.6766806342074
83.6766806342074
83.2932021990465
79.8274510959476
79.6778013476708
79.4507921013111
78.7063284788439
78.7063284788439
77.9028363268176
77.9028363268176
77.7357378730188
75.9782215576877
75.9782215576877
75.9782215576877
75.9782215576877
75.9782215576877
75.9782215576877
75.9782215576877
75.9782215576877
75.9782215576877
75.3010148241955
74.0536067885578
74.0536067885578
73.9183698108129
73.9183698108129
73.5473309213349
73.5473309213349
73.5473309213349
73.5473309213349
73.5473309213349
73.5473309213349
73.5473309213349
73.5473309213349
73.5473309213349
73.5473309213349
72.4984874668812
72.1289920194279
71.9273940995831
71.9273940995831
71.9273940995831
71.9273940995831
71.9273940995831
70.204377250298
70.204377250298
70.204377250298
70.204377250298
70.204377250298
70.204377250298
70.204377250298
70.204377250298
70.204377250298
70.204377250298
70.204377250298
70.204377250298
69.718076179212
68.6768927181168
68.6768927181168
68.6768927181168
68.6768927181168
68.6768927181168
68.3408371819694
68.279762481168
68.1470931990465
68.0764934445769
68.0764934445769
68.0764934445769
68.0764934445769
68.0764934445769
68.0764934445769
67.9586854293602
66.3551477120381
66.3551477120381
65.7403013158517
64.4305329429082
64.4305329429082
64.4305329429082
64.4305329429082
64.4305329429082
64.4305329429082
64.4305329429082
64.4305329429082
64.4305329429082
64.4305329429082
64.4305329429082
64.4305329429082
64.4305329429082
64.4305329429082
63.8801033678157
63.2891413469463
62.8836823396191
62.5059181737783
62.5059181737783
62.5059181737783
62.5059181737783
62.5059181737783
62.5059181737783
62.5059181737783
62.5059181737783
62.5059181737783
62.5059181737783
62.5059181737783
62.5059181737783
62.5059181737783
62.5059181737783
62.5059181737783
62.5059181737783
62.5059181737783
62.5059181737783
62.5059181737783
62.5059181737783
62.5059181737783
62.5059181737783
62.5059181737783
62.5059181737783
62.5059181737783
62.5059181737783
62.5059181737783
62.5059181737783
62.5059181737783
62.5059181737783
62.5059181737783
62.5059181737783
62.5059181737783
62.5059181737783
62.5059181737783
62.5059181737783
62.5059181737783
62.5059181737783
62.5059181737783
62.5059181737783
62.5059181737783
62.5059181737783
62.5059181737783
62.5059181737783
62.5059181737783
62.5059181737783
62.427673240584
60.5813034046484
60.0638786716516
60.0467366156138
59.5643815093495
59.5643815093495
59.5643815093495
59.5643815093495
59.5643815093495
59.5643815093495
59.5643815093495
59.5643815093495
59.5643815093495
59.5643815093495
59.5643815093495
59.5643815093495
59.5643815093495
59.5643815093495
59.5643815093495
59.5643815093495
59.5643815093495
59.5643815093495
59.2914212444488
59.2914212444488
58.6747049724518
58.6566886355185
58.6566886355185
58.6566886355185
58.6566886355185
58.6566886355185
58.6566886355185
58.6566886355185
58.6566886355185
58.6566886355185
58.6566886355185
58.6566886355185
58.6566886355185
58.021040324553
56.8405673420739
55.9965583238975
55.9965583238975
54.8486012108146
54.6962355160906
54.6962355160906
54.6962355160906
54.6962355160906
54.6962355160906
54.6962355160906
54.6962355160906
54.6962355160906
54.6962355160906
54.6962355160906
54.6962355160906
54.6962355160906
54.6962355160906
54.6962355160906
54.6962355160906
54.6962355160906
54.6962355160906
54.6962355160906
54.6962355160906
54.6962355160906
54.6962355160906
54.6962355160906
54.6962355160906
54.6962355160906
54.6962355160906
54.6962355160906
54.6962355160906
54.6962355160906
54.6962355160906
54.6962355160906
54.6962355160906
54.6962355160906
54.6962355160906
54.6962355160906
54.6962355160906
54.6962355160906
54.6962355160906
54.6962355160906
54.6962355160906
54.6962355160906
54.6962355160906
54.6962355160906
54.2430019710965
52.8828443281287
52.8828443281287
52.8828443281287
52.8828443281287
52.8828443281287
52.8828443281287
52.8828443281287
51.1850861576281
51.1850861576281
51.1850861576281
51.1850861576281
51.1850861576281
51.1850861576281
51.1850861576281
51.1850861576281
51.1850861576281
51.1850861576281
51.1850861576281
51.1850861576281
51.1850861576281
51.1850861576281
51.1850861576281
51.0221195716087
51.0221195716087
50.9582295589988
50.9582295589988
50.9582295589988
50.9582295589988
50.9582295589988
50.9582295589988
50.4855272288077
50.4855272288077
50.3363452205006
50.3363452205006
50.3363452205006
48.4411617997616
48.4411617997616
48.4411617997616
47.605335963936
45.7845951454112
45.7845951454112
45.7845951454112
45.7845951454112
45.695743255659
45.695743255659
45.695743255659
45.695743255659
45.695743255659
45.695743255659
45.695743255659
45.695743255659
45.695743255659
45.695743255659
45.695743255659
45.695743255659
45.695743255659
45.695743255659
45.695743255659
45.0692545306913
45.0692545306913
42.4981005618998
42.4981005618998
42.4981005618998
42.4981005618998
42.4981005618998
42.424910366911
42.424910366911
42.424910366911
42.424910366911
42.424910366911
42.424910366911
42.424910366911
42.424910366911
42.424910366911
42.424910366911
42.424910366911
42.424910366911
42.424910366911
42.424910366911
42.424910366911
42.424910366911
42.424910366911
42.424910366911
42.3852972084372
41.7605684650882
41.7605684650882
40.4823808104887
40.1798699386441
40.1798699386441
40.0858187127533
40.0858187127533
40.0858187127533
40.0858187127533
40.0858187127533
40.0858187127533
40.0858187127533
40.0858187127533
40.0858187127533
40.0858187127533
40.0409984341394
39.8435015649583
39.8435015649583
39.8435015649583
39.8435015649583
39.8435015649583
39.8435015649583
39.8435015649583
39.8435015649583
38.8461208437656
38.7532952940784
38.7532952940784
38.7532952940784
38.7532952940784
37.3680459064362
37.3680459064362
37.3680459064362
37.3680459064362
37.3680459064362
37.3680459064362
37.3680459064362
37.3680459064362
37.3680459064362
37.3680459064362
37.3680459064362
37.3680459064362
37.3680459064362
37.3680459064362
37.3680459064362
37.3680459064362
37.3680459064362
37.3680459064362
37.3680459064362
37.3680459064362
37.3680459064362
37.3680459064362
37.3680459064362
37.3680459064362
37.3680459064362
37.3680459064362
37.3680459064362
37.3680459064362
37.3680459064362
37.3680459064362
37.3680459064362
37.3680459064362
37.3680459064362
37.3680459064362
37.3680459064362
37.3680459064362
37.3680459064362
37.3680459064362
37.3680459064362
37.3680459064362
37.3680459064362
37.3680459064362
37.3680459064362
37.3680459064362
37.3680459064362
37.3680459064362
37.3680459064362
37.3680459064362
37.3680459064362
37.3680459064362
37.3680459064362
37.3680459064362
37.3680459064362
37.3680459064362
37.3680459064362
37.3680459064362
37.3680459064362
37.3680459064362
37.3680459064362
37.3680459064362
37.3680459064362
36.948143499404
36.948143499404
36.948143499404
36.948143499404
36.948143499404
36.948143499404
36.948143499404
36.948143499404
36.948143499404
36.948143499404
36.948143499404
36.948143499404
36.948143499404
36.948143499404
36.948143499404
36.948143499404
36.948143499404
36.948143499404
36.948143499404
36.948143499404
36.948143499404
36.948143499404
36.948143499404
36.948143499404
36.948143499404
36.948143499404
36.948143499404
36.948143499404
36.948143499404
36.948143499404
36.948143499404
36.948143499404
36.948143499404
36.948143499404
36.948143499404
36.948143499404
36.948143499404
36.948143499404
36.948143499404
36.948143499404
36.8729547747318
36.8729547747318
36.8729547747318
36.0240061323004
36.0240061323004
36.0240061323004
36.0240061323004
35.1896704675209
34.7385495920739
34.7385495920739
34.7385495920739
34.7385495920739
34.4309656395241
34.4309656395241
34.4309656395241
34.4309656395241
34.4309656395241
34.4309656395241
34.4309656395241
33.7820249946795
32.9521764097463
32.9207865876043
32.9207865876043
32.9207865876043
32.9207865876043
32.9207865876043
32.9207865876043
32.9207865876043
32.9207865876043
32.9207865876043
32.591651647795
32.591651647795
32.591651647795
32.591651647795
32.591651647795
32.591651647795
32.591651647795
32.591651647795
32.591651647795
32.591651647795
32.591651647795
32.591651647795
32.591651647795
32.591651647795
32.591651647795
32.591651647795
32.591651647795
32.591651647795
32.591651647795
32.591651647795
32.591651647795
32.591651647795
32.591651647795
32.591651647795
32.591651647795
31.4063901847437
31.4063901847437
31.4063901847437
31.4063901847437
31.4063901847437
31.0939432967857
31.0939432967857
30.834219701161
30.834219701161
30.1834613435042
30.0985855242297
29.8919937818832
29.8919937818832
29.8919937818832
29.8919937818832
29.8919937818832
29.1592971632896
29.111718603641
29.111718603641
29.111718603641
29.111718603641
29.111718603641
29.111718603641
29.111718603641
29.111718603641
29.111718603641
29.111718603641
29.111718603641
29.111718603641
29.111718603641
29.111718603641
29.1023004938133
29.0698172344227
28.4728262663886
28.4728262663886
28.4728262663886
28.4728262663886
28.4728262663886
28.4728262663886
28.4564055357569
28.4564055357569
27.9613144040524
27.9613144040524
27.7863553694875
27.7727075366243
27.3808297061979
27.3808297061979
27.3808297061979
27.3808297061979
27.3808297061979
26.4760410089392
26.4760410089392
26.4760410089392
26.4760410089392
26.0938928918441
25.9915646956257
25.9915646956257
25.9809498772348
25.7269426787843
25.6092334891544
25.6092334891544
25.4860553511237
25.4860553511237
25.4860553511237
25.4860553511237
24.3640059052537
23.9124406471385
23.9124406471385
23.9124406471385
23.9124406471385
23.9124406471385
23.9124406471385
23.9124406471385
23.9124406471385
23.9124406471385
23.9124406471385
23.9124406471385
23.9124406471385
23.9124406471385
23.9124406471385
23.9124406471385
23.9124406471385
23.9124406471385
23.9124406471385
23.9124406471385
23.9124406471385
23.9124406471385
23.9124406471385
23.9124406471385
23.9124406471385
23.9124406471385
23.9124406471385
23.9124406471385
23.9124406471385
23.9124406471385
23.9124406471385
23.9124406471385
23.9124406471385
23.9124406471385
23.9124406471385
23.9124406471385
23.9124406471385
23.9124406471385
23.9124406471385
23.9124406471385
23.9124406471385
23.9124406471385
23.9124406471385
23.9124406471385
23.9124406471385
23.9124406471385
23.9124406471385
23.9124406471385
23.9124406471385
23.9124406471385
23.9124406471385
23.9124406471385
23.9124406471385
23.9124406471385
23.9124406471385
23.9124406471385
23.9124406471385
23.9124406471385
23.9124406471385
23.9124406471385
23.9124406471385
23.9124406471385
23.9124406471385
23.9124406471385
23.8973596279113
23.8973596279113
23.8973596279113
23.8973596279113
23.7644568038205
23.7644568038205
23.5927146705002
23.5054942187128
23.5054942187128
23.5054942187128
23.4228060427413
22.5153119553039
22.2364738036793
22.2364738036793
21.6081172973778
21.6081172973778
21.6081172973778
21.5251296918951
21.5251296918951
21.50237737788
21.1131423960071
21.1131423960071
21.1131423960071
21.1131423960071
20.4085515464839
20.1925650334305
20.1925650334305
20.1925650334305
20.1925650334305
20.0744532837304
20.0744532837304
20.0744532837304
20.0484171632896
20.0484171632896
20.0484171632896
20.0484171632896
20.0484171632896
20.0398562967819
19.964943807211
19.6494578903456
19.6494578903456
19.6494578903456
19.32940579559
19.1880006972586
18.4677358569726
18.4666163186961
18.4666163186961
18.4666163186961
18.4666163186961
18.4666163186961
18.4666163186961
18.2906508700834
18.2906508700834
18.2906508700834
18.2906508700834
18.2906508700834
18.2906508700834
18.2906508700834
18.2906508700834
18.2906508700834
18.2906508700834
18.2906508700834
18.2906508700834
18.1757628128725
18.1757628128725
18.1757628128725
18.1757628128725
18.1757628128725
18.1757628128725
18.1757628128725
18.1757628128725
18.1757628128725
18.1757628128725
18.1757628128725
18.1757628128725
18.1757628128725
18.1757628128725
18.1757628128725
18.1757628128725
18.1757628128725
18.1757628128725
18.1757628128725
18.1757628128725
18.1757628128725
18.1757628128725
18.1757628128725
18.1757628128725
18.1757628128725
18.0883442789035
18.0883442789035
18.0883442789035
18.0883442789035
18.0883442789035
18.0883442789035
18.0883442789035
18.0883442789035
18.0883442789035
18.0883442789035
18.0594917699642
18.0594917699642
18.0594917699642
18.0594917699642
18.0170677070836
17.9604311671907
17.5377001751224
17.4985815646897
17.4408772174276
16.9406157115378
16.8789567162703
16.8789567162703
16.8789567162703
16.8789567162703
16.8789567162703
16.8789567162703
16.8789567162703
16.8789567162703
16.8789567162703
16.8789567162703
16.8789567162703
16.8789567162703
16.8789567162703
16.8789567162703
16.8789567162703
16.8789567162703
16.8789567162703
16.8789567162703
16.8789567162703
16.8789567162703
16.8789567162703
16.8789567162703
16.8789567162703
16.8789567162703
16.8789567162703
16.8789567162703
16.8789567162703
16.8789567162703
16.8138698116806
16.8138698116806
16.8138698116806
16.574218374851
16.574218374851
16.574218374851
16.430593018488
16.430593018488
16.430593018488
16.1490903025496
16.1490903025496
16.1490903025496
16.1490903025496
16.1490903025496
16.1490903025496
16.1490903025496
16.1490903025496
16.1490903025496
16.1490903025496
16.1490903025496
16.1490903025496
16.1490903025496
16.1490903025496
16.1490903025496
16.1490903025496
16.1490903025496
16.1490903025496
16.1490903025496
16.1490903025496
16.1490903025496
16.1490903025496
16.1490903025496
16.1490903025496
16.1490903025496
16.1490903025496
16.1490903025496
16.1490903025496
16.1490903025496
16.1490903025496
16.1490903025496
16.1490903025496
16.1490903025496
16.1490903025496
16.1490903025496
16.1490903025496
16.1490903025496
16.1490903025496
16.1490903025496
16.1490903025496
16.1490903025496
16.1490903025496
16.1490903025496
16.1490903025496
16.1490903025496
16.1490903025496
16.1490903025496
16.1490903025496
16.1490903025496
16.1490903025496
16.1490903025496
16.1490903025496
16.1490903025496
16.1490903025496
16.1490903025496
16.1490903025496
16.1490903025496
16.1490903025496
16.1490903025496
16.1490903025496
16.1490903025496
16.1490903025496
16.1490903025496
16.1490903025496
16.1490903025496
16.1490903025496
16.1490903025496
16.1490903025496
16.1490903025496
16.1490903025496
16.1490903025496
16.1490903025496
16.1490903025496
16.1490903025496
16.1490903025496
16.1490903025496
16.1490903025496
16.1490903025496
16.1490903025496
16.1490903025496
16.1490903025496
16.1490903025496
16.1490903025496
16.1490903025496
16.1490903025496
16.1490903025496
16.1490903025496
16.1490903025496
16.1490903025496
16.1490903025496
16.1490903025496
16.1490903025496
16.1490903025496
16.1490903025496
16.1490903025496
16.1490903025496
16.1490903025496
16.1490903025496
16.1490903025496
16.1490903025496
16.1490903025496
16.1490903025496
16.1490903025496
16.1490903025496
15.8670005765793
15.8579427323297
15.6187069578665
15.6187069578665
15.5910186862297
15.5910186862297
15.5910186862297
15.5840361114422
15.5840361114422
15.5840361114422
15.5840361114422
15.5840361114422
15.5840361114422
15.1226074514636
15.1226074514636
15.1226074514636
15.1226074514636
15.1226074514636
15.1226074514636
15.0889449797378
15.0889449797378
14.5729469418951
13.9684359694016
13.9684359694016
13.372596678156
13.372596678156
13.2790380661502
13.23699986038
13.1085804529201
13.1085804529201
13.1085804529201
12.6392133419249
12.6392133419249
12.6392133419249
12.6392133419249
12.6392133419249
12.6392133419249
12.6392133419249
12.6392133419249
12.6392133419249
12.6312328798288
12.514246375547
12.514246375547
12.3928817905244
12.3928817905244
12.2641817024766
12.1198368454112
12.1198368454112
12.1198368454112
12.1198368454112
12.1198368454112
12.1198368454112
12.1198368454112
12.1198368454112
12.1198368454112
12.1198368454112
12.1198368454112
12.1198368454112
12.1198368454112
12.1198368454112
12.1198368454112
12.1198368454112
12.1198368454112
12.1198368454112
12.1198368454112
12.1198368454112
12.1198368454112
12.1198368454112
12.1198368454112
12.1198368454112
12.1198368454112
12.1198368454112
12.1198368454112
12.1198368454112
12.1198368454112
12.1198368454112
12.1198368454112
12.1198368454112
12.1198368454112
12.1198368454112
12.1198368454112
12.1198368454112
12.1198368454112
12.1198368454112
12.1198368454112
12.1198368454112
12.1198368454112
12.1198368454112
12.1198368454112
12.1198368454112
12.1198368454112
12.1198368454112
12.1198368454112
12.1198368454112
12.1198368454112
12.1198368454112
12.1198368454112
12.1198368454112
12.1198368454112
12.1198368454112
12.1198368454112
12.1198368454112
12.1198368454112
12.1198368454112
12.1198368454112
12.1198368454112
12.1198368454112
12.1198368454112
12.1198368454112
12.1198368454112
12.1198368454112
12.1198368454112
12.1198368454112
12.1198368454112
11.9801566049014
11.7028524448749
11.7028524448749
11.7028524448749
11.6416320286055
11.6416320286055
11.6416320286055
11.6416320286055
11.6416320286055
11.6416320286055
11.6416320286055
11.6416320286055
11.6416320286055
11.6416320286055
11.6416320286055
11.6416320286055
11.6416320286055
11.6416320286055
11.6416320286055
11.6416320286055
11.6416320286055
11.6416320286055
11.6416320286055
11.6416320286055
11.6416320286055
11.6416320286055
11.6416320286055
11.6416320286055
11.6416320286055
11.6416320286055
11.6416320286055
11.6416320286055
11.6416320286055
11.6416320286055
11.6416320286055
11.6416320286055
11.6416320286055
11.6416320286055
11.6416320286055
11.6416320286055
11.6416320286055
11.6416320286055
11.6416320286055
11.6416320286055
11.6416320286055
11.6416320286055
11.6416320286055
11.6416320286055
11.6416320286055
11.6416320286055
11.6416320286055
11.6416320286055
11.6416320286055
11.6416320286055
11.3336666898093
11.174488925149
11.174488925149
11.174488925149
10.8645258647199
10.8645258647199
10.8645258647199
10.8645258647199
10.8645258647199
10.8645258647199
10.8645258647199
10.8645258647199
10.8645258647199
10.8645258647199
10.8645258647199
10.8645258647199
10.8645258647199
10.8645258647199
10.8645258647199
10.8645258647199
10.8645258647199
10.8645258647199
10.8645258647199
10.8645258647199
10.8645258647199
10.8645258647199
10.8645258647199
10.8645258647199
10.8645258647199
10.8645258647199
10.8645258647199
10.8645258647199
10.8645258647199
10.8645258647199
10.8645258647199
10.8645258647199
10.8645258647199
10.8645258647199
10.8645258647199
10.8645258647199
10.8645258647199
10.8645258647199
10.8645258647199
10.8645258647199
10.8645258647199
10.8645258647199
10.8645258647199
10.8645258647199
10.8645258647199
10.8645258647199
10.8645258647199
10.8645258647199
10.8645258647199
10.8645258647199
10.8645258647199
10.8645258647199
10.8645258647199
10.8645258647199
10.8645258647199
10.8645258647199
10.8645258647199
10.8645258647199
10.8645258647199
10.8645258647199
10.8645258647199
10.8645258647199
10.8645258647199
10.8645258647199
10.8645258647199
10.8645258647199
10.8645258647199
10.8645258647199
10.8645258647199
10.8645258647199
10.8645258647199
10.8645258647199
10.8645258647199
10.8645258647199
10.8645258647199
10.8645258647199
10.8645258647199
10.8645258647199
10.8645258647199
10.8645258647199
10.8645258647199
10.8645258647199
10.8645258647199
10.8645258647199
10.8645258647199
10.8645258647199
10.8645258647199
10.8645258647199
10.8645258647199
10.8645258647199
10.8645258647199
10.8645258647199
10.8645258647199
10.8645258647199
10.8645258647199
10.8645258647199
10.8645258647199
10.8645258647199
10.8645258647199
10.8645258647199
10.8645258647199
10.8645258647199
10.8645258647199
10.8645258647199
10.8645258647199
10.8645258647199
10.8645258647199
10.8645258647199
10.8645258647199
10.8645258647199
10.8645258647199
10.8645258647199
10.8645258647199
10.8645258647199
10.8645258647199
10.8645258647199
10.8645258647199
10.8645258647199
10.8645258647199
10.8645258647199
10.8645258647199
10.8645258647199
10.8645258647199
10.8645258647199
10.8645258647199
10.8645258647199
10.8645258647199
10.8645258647199
10.8645258647199
10.8645258647199
10.8645258647199
10.8645258647199
10.8645258647199
10.8645258647199
10.8645258647199
10.8645258647199
10.8645258647199
10.8645258647199
10.8645258647199
10.8645258647199
10.8645258647199
10.8645258647199
10.8645258647199
10.8645258647199
10.8645258647199
10.8162464581692
10.7404795394027
10.7404795394027
10.7404795394027
10.7404795394027
10.6998631466031
10.6998631466031
10.6998631466031
10.6998631466031
10.3573344368296
10.3417252026222
9.94030849523242
9.91405244338498
9.76732491775924
9.76732491775924
9.58333202109654
9.54186000995466
9.54186000995466
9.54186000995466
9.54186000995466
9.38305966595384
9.07198738619398
9.07198738619398
9.07198738619398
9.07198738619398
9.07198738619398
9.07198738619398
9.07198738619398
9.07198738619398
9.07198738619398
9.07198738619398
9.07198738619398
9.07198738619398
9.07198738619398
9.07198738619398
9.07198738619398
9.07198738619398
9.07198738619398
9.07198738619398
9.07198738619398
9.07198738619398
9.07198738619398
9.07198738619398
9.07198738619398
9.07198738619398
9.07198738619398
9.07198738619398
9.07198738619398
9.07198738619398
9.07198738619398
9.07198738619398
9.07198738619398
9.07198738619398
9.07198738619398
9.07198738619398
9.07198738619398
9.07198738619398
9.07198738619398
8.84112855410599
8.84112855410599
8.84112855410599
8.84112855410599
8.84112855410599
8.84112855410599
8.84112855410599
8.84112855410599
8.83958396862336
8.83958396862336
8.83958396862336
8.83958396862336
8.83958396862336
8.83958396862336
8.83958396862336
8.83958396862336
8.83958396862336
8.83958396862336
8.83958396862336
8.60749276430274
8.60749276430274
8.60749276430274
8.60749276430274
8.60749276430274
8.60749276430274
8.60749276430274
8.60749276430274
8.60749276430274
8.60749276430274
8.60749276430274
8.60749276430274
8.60749276430274
8.60749276430274
8.60749276430274
8.60749276430274
8.60749276430274
8.60749276430274
8.60749276430274
8.60749276430274
8.60749276430274
8.60749276430274
8.60749276430274
8.60749276430274
8.60749276430274
8.60749276430274
8.60749276430274
8.60749276430274
8.60749276430274
8.60749276430274
8.60749276430274
8.60749276430274
8.60749276430274
8.60749276430274
8.60749276430274
8.60749276430274
8.60749276430274
8.60749276430274
8.60749276430274
8.60749276430274
8.60749276430274
8.57106613587604
8.57106613587604
8.56314151519666
8.56314151519666
8.56314151519666
8.56314151519666
8.56314151519666
8.56314151519666
8.56314151519666
8.56314151519666
8.56314151519666
8.56314151519666
8.56314151519666
8.56314151519666
8.56314151519666
8.56314151519666
8.56314151519666
8.56314151519666
8.56314151519666
8.56314151519666
8.56314151519666
8.56314151519666
8.56314151519666
8.56314151519666
8.56314151519666
8.56314151519666
8.56314151519666
8.56314151519666
8.56314151519666
8.56314151519666
8.56314151519666
8.56314151519666
8.56314151519666
8.56314151519666
8.56314151519666
8.56314151519666
8.56314151519666
8.56314151519666
8.56314151519666
8.56314151519666
8.56314151519666
8.56314151519666
8.56314151519666
8.56314151519666
8.56314151519666
8.44591974674565
8.44591974674565
8.44591974674565
8.37589592374384
8.37589592374384
8.37589592374384
8.37589592374384
8.37589592374384
8.37589592374384
8.37589592374384
8.37589592374384
8.37589592374384
8.37589592374384
8.37589592374384
8.37589592374384
8.37589592374384
8.37589592374384
8.37589592374384
8.37589592374384
8.37589592374384
8.37589592374384
8.37589592374384
8.37589592374384
8.37589592374384
8.37589592374384
8.35144822035161
8.31296501576281
7.96704929153683
7.90692135876043
7.873067170179
7.873067170179
7.873067170179
7.873067170179
7.873067170179
7.873067170179
7.873067170179
7.873067170179
7.873067170179
7.873067170179
7.873067170179
7.873067170179
7.873067170179
7.873067170179
7.873067170179
7.873067170179
7.873067170179
7.873067170179
7.873067170179
7.873067170179
7.873067170179
7.873067170179
7.873067170179
7.873067170179
7.873067170179
7.873067170179
7.873067170179
7.873067170179
7.873067170179
7.873067170179
7.873067170179
7.873067170179
7.873067170179
7.873067170179
7.873067170179
7.873067170179
7.873067170179
7.873067170179
7.873067170179
7.873067170179
7.873067170179
7.873067170179
7.873067170179
7.873067170179
7.873067170179
7.873067170179
7.873067170179
7.873067170179
7.873067170179
7.873067170179
7.873067170179
7.873067170179
7.873067170179
7.873067170179
7.873067170179
7.873067170179
7.873067170179
7.873067170179
7.873067170179
7.873067170179
7.873067170179
7.873067170179
7.873067170179
7.873067170179
7.873067170179
7.873067170179
7.873067170179
7.873067170179
7.873067170179
7.873067170179
7.873067170179
7.873067170179
7.873067170179
7.873067170179
7.873067170179
7.873067170179
7.873067170179
7.873067170179
7.873067170179
7.873067170179
7.873067170179
7.873067170179
7.873067170179
7.873067170179
7.873067170179
7.873067170179
7.873067170179
7.873067170179
7.873067170179
7.873067170179
7.873067170179
7.873067170179
7.873067170179
7.873067170179
7.873067170179
7.873067170179
7.873067170179
7.873067170179
7.873067170179
7.873067170179
7.873067170179
7.873067170179
7.873067170179
7.873067170179
7.873067170179
7.873067170179
7.873067170179
7.873067170179
7.873067170179
7.873067170179
7.873067170179
7.873067170179
7.873067170179
7.873067170179
7.873067170179
7.873067170179
7.873067170179
7.873067170179
7.873067170179
7.873067170179
7.873067170179
7.873067170179
7.873067170179
7.873067170179
7.873067170179
7.873067170179
7.873067170179
7.873067170179
7.873067170179
7.873067170179
7.873067170179
7.873067170179
7.873067170179
7.873067170179
7.873067170179
7.873067170179
7.873067170179
7.873067170179
7.873067170179
7.873067170179
7.873067170179
7.873067170179
7.873067170179
7.873067170179
7.873067170179
7.873067170179
7.873067170179
7.8240537568534
7.8240537568534
7.81091415619699
7.72065450536353
7.72065450536353
7.72065450536353
7.64076153188921
7.64076153188921
7.64076153188921
7.64076153188921
7.53305241994256
7.52542961078502
7.52542961078502
7.39428535344117
7.39428535344117
7.39428535344117
7.39428535344117
7.3053575227652
7.18878624404052
7.18878624404052
7.18878624404052
7.15298082720501
6.7564673045292
6.7564673045292
6.7564673045292
6.7564673045292
6.7564673045292
6.7564673045292
6.53943346841478
6.5196638045292
6.5196638045292
6.5196638045292
6.5196638045292
6.4877845159416
6.4877845159416
6.4877845159416
6.4877845159416
6.4877845159416
6.4877845159416
6.4877845159416
6.4877845159416
6.4877845159416
6.48189419159714
6.11520508241364
6.10859544994041
6.09609580110724
6.04436843563766
5.92230036885246
5.92230036885246
5.92230036885246
5.92230036885246
5.92230036885246
5.92230036885246
5.92230036885246
5.92230036885246
5.92230036885246
5.92230036885246
5.92230036885246
5.92230036885246
5.92230036885246
5.92230036885246
5.89905304380215
5.89905304380215
5.89905304380215
5.86910442855097
5.83456638379023
5.83456638379023
5.83456638379023
5.83456638379023
5.83456638379023
5.83456638379023
5.83456638379023
5.83456638379023
5.80185274338667
5.67952980286055
5.67952980286055
5.67952980286055
5.67952980286055
5.67952980286055
5.67952980286055
5.67744939171633
5.62780407818832
5.52231413608463
5.50555564398093
5.50555564398093
5.48719526102503
5.48719526102503
5.48719526102503
5.45559524141835
5.45559524141835
5.45559524141835
5.41456821075089
5.41456821075089
5.41456821075089
5.41456821075089
5.41456821075089
5.41456821075089
5.41456821075089
5.41456821075089
5.41456821075089
5.41456821075089
5.37223825083433
5.37223825083433
5.31867310369488
5.31867310369488
5.31867310369488
5.31867310369488
5.31867310369488
5.31867310369488
5.25487212451219
5.25487212451219
5.25487212451219
5.25487212451219
5.25487212451219
5.25487212451219
5.25487212451219
5.12771281235998
5.0674281033969
5.0404891799579
4.998701011323
4.99041604826574
4.80277982359952
4.80277982359952
4.79725027442156
4.78252052647838
4.78095120875342
4.68407870946849
4.68407870946849
4.6315354693087
4.6315354693087
4.6315354693087
4.46715849582837
4.46715849582837
4.46715849582837
4.46715849582837
4.46715849582837
4.46715849582837
4.46715849582837
4.3913582806913
4.37336144490472
4.3587547283671
4.3587547283671
4.3587547283671
4.3587547283671
4.3587547283671
4.3587547283671
4.3587547283671
4.3587547283671
4.3587547283671
4.3587547283671
4.3587547283671
4.3587547283671
4.3587547283671
4.3587547283671
4.3587547283671
4.3587547283671
4.3587547283671
4.3587547283671
4.3587547283671
4.3587547283671
4.3587547283671
4.3587547283671
4.3587547283671
4.3587547283671
4.3587547283671
4.3587547283671
4.3587547283671
4.3587547283671
4.3587547283671
4.3587547283671
4.3587547283671
4.34352458510131
4.25614431615018
4.25614431615018
4.25614431615018
4.18897551797378
4.11849384368749
4.10822828608462
4.10822828608462
4.09342656346841
4.0289399034565
4.0289399034565
4.0289399034565
4.0289399034565
4.0289399034565
4.00203235995232
3.98571638706794
3.98571638706794
3.96634296185936
3.96560232698376
3.94949018568811
3.94949018568811
3.94949018568811
3.91339951420708
3.91339951420708
3.88783398790773
3.88783398790773
3.88783398790773
3.82192690333731
3.82192690333731
3.82192690333731
3.82110981651392
3.81552091036949
3.76191041835519
3.7071977765035
3.7071977765035
3.7071977765035
3.7071977765035
3.7071977765035
3.7071977765035
3.7071977765035
3.7071977765035
3.7071977765035
3.7071977765035
3.7071977765035
3.7071977765035
3.7071977765035
3.7071977765035
3.7071977765035
3.7071977765035
3.7071977765035
3.7071977765035
3.7071977765035
3.7071977765035
3.7071977765035
3.7071977765035
3.7071977765035
3.7071977765035
3.7071977765035
3.7071977765035
3.7071977765035
3.7071977765035
3.7071977765035
3.7071977765035
3.7071977765035
3.7071977765035
3.7071977765035
3.7071977765035
3.7071977765035
3.7071977765035
3.7071977765035
3.7071977765035
3.7071977765035
3.7071977765035
3.7071977765035
3.7071977765035
3.7071977765035
3.7071977765035
3.7071977765035
3.7071977765035
3.7071977765035
3.7071977765035
3.7071977765035
3.7071977765035
3.7071977765035
3.7071977765035
3.7071977765035
3.7071977765035
3.7071977765035
3.7071977765035
3.7071977765035
3.7071977765035
3.7071977765035
3.7071977765035
3.7071977765035
3.7071977765035
3.7071977765035
3.7071977765035
3.7071977765035
3.7071977765035
3.7071977765035
3.7071977765035
3.7071977765035
3.7071977765035
3.7071977765035
3.7071977765035
3.7071977765035
3.7071977765035
3.7071977765035
3.68106016578544
3.68106016578544
3.60299592632775
3.60299592632775
3.60299592632775
3.60299592632775
3.60299592632775
3.5896597453743
3.54860687038141
3.54860687038141
3.54860687038141
3.54093255160906
3.54093255160906
3.54093255160906
3.54093255160906
3.54093255160906
3.42852651519251
3.40127851108462
3.40127851108462
3.39234596495828
3.36656844868891
3.36656844868891
3.36656844868891
3.36656844868891
3.36656844868891
3.36656844868891
3.31958664332539
3.31958664332539
3.31958664332539
3.31958664332539
3.31958664332539
3.31958664332539
3.31958664332539
3.31958664332539
3.31958664332539
3.31958664332539
3.31958664332539
3.31958664332539
3.31958664332539
3.31958664332539
3.31958664332539
3.2786890852205
3.23002118738081
3.23002118738081
3.23002118738081
3.23002118738081
3.19061332330155
3.16799579630292
3.16799579630292
3.16799579630292
3.1654602488081
3.16143758457688
3.11040583135839
3.10145592818832
3.0779559761621
3.07746011182956
3.07746011182956
3.07746011182956
3.07746011182956
3.07746011182956
3.07746011182956
3.07746011182956
3.06296737991657
3.06164000327771
3.06164000327771
3.06164000327771
3.04667350584029
3.02011495423123
3.02011495423123
3.02011495423123
3.02011495423123
3.02011495423123
3.02011495423123
2.95932848331347
2.95932848331347
2.93269284758429
2.90268644159714
2.85691979529857
2.82700281883194
2.80369336323004
2.80369336323004
2.72032989591532
2.71183816448153
2.67729554874851
2.67294582778674
2.67294582778674
2.65476293206198
2.65476293206198
2.65476293206198
2.65476293206198
2.65476293206198
2.65476293206198
2.65476293206198
2.65476293206198
2.65476293206198
2.65476293206198
2.65476293206198
2.65476293206198
2.65476293206198
2.65476293206198
2.65476293206198
2.65476293206198
2.65476293206198
2.65476293206198
2.65476293206198
2.64527128963051
2.64496097064958
2.63444312306317
2.61786750446961
2.61626257973778
2.60256326084625
2.539237481764
2.52089602115216
2.50588584600715
2.49749678831943
2.49749678831943
2.48126006317044
2.48126006317044
2.48126006317044
2.48126006317044
2.48126006317044
2.48126006317044
2.48126006317044
2.48126006317044
2.48126006317044
2.48126006317044
2.48126006317044
2.48126006317044
2.42018099463647
2.42018099463647
2.42018099463647
2.42018099463647
2.42018099463647
2.42018099463647
2.42018099463647
2.41677340315852
2.41677340315852
2.41677340315852
2.41677340315852
2.41677340315852
2.41677340315852
2.40472719158885
2.40472719158885
2.40472719158885
2.40472719158885
2.40472719158885
2.40472719158885
2.40472719158885
2.40472719158885
2.40472719158885
2.40472719158885
2.40472719158885
2.40472719158885
2.40472719158885
2.40472719158885
2.40472719158885
2.40472719158885
2.40472719158885
2.40472719158885
2.40472719158885
2.40472719158885
2.40472719158885
2.40472719158885
2.40472719158885
2.40472719158885
2.40472719158885
2.40472719158885
2.40472719158885
2.40472719158885
2.40472719158885
2.40472719158885
2.40472719158885
2.40472719158885
2.40472719158885
2.40472719158885
2.40472719158885
2.40472719158885
2.40472719158885
2.40472719158885
2.40472719158885
2.40472719158885
2.40472719158885
2.40472719158885
2.40472719158885
2.40472719158885
2.40472719158885
2.40472719158885
2.40472719158885
2.40472719158885
2.40472719158885
2.40472719158885
2.40472719158885
2.40472719158885
2.40472719158885
2.40472719158885
2.40472719158885
2.40472719158885
2.40472719158885
2.40472719158885
2.40472719158885
2.40472719158885
2.40472719158885
2.40472719158885
2.40472719158885
2.40472719158885
2.40472719158885
2.40472719158885
2.40472719158885
2.40472719158885
2.40472719158885
2.40472719158885
2.40472719158885
2.40472719158885
2.40472719158885
2.40472719158885
2.40472719158885
2.40472719158885
2.40472719158885
2.40472719158885
2.40472719158885
2.40472719158885
2.40472719158885
2.40472719158885
2.40472719158885
2.40472719158885
2.40472719158885
2.40472719158885
2.40472719158885
2.40472719158885
2.40472719158885
2.40472719158885
2.40472719158885
2.40472719158885
2.40472719158885
2.40472719158885
2.40472719158885
2.40472719158885
2.40472719158885
2.40472719158885
2.39430559782171
2.37732856895113
2.37732856895113
2.36470193206198
2.36470193206198
2.36470193206198
2.36470193206198
2.3522867431466
2.3522867431466
2.3522867431466
2.3522867431466
2.3522867431466
2.3522867431466
2.3522867431466
2.3522867431466
2.3522867431466
2.3522867431466
2.3522867431466
2.3522867431466
2.3522867431466
2.3522867431466
2.3522867431466
2.3522867431466
2.3522867431466
2.3522867431466
2.3522867431466
2.3522867431466
2.3522867431466
2.3522867431466
2.3522867431466
2.3522867431466
2.3522867431466
2.3522867431466
2.3522867431466
2.3522867431466
2.3522867431466
2.3522867431466
2.3522867431466
2.3522867431466
2.3522867431466
2.30379758473972
2.2900307932062
2.2900307932062
2.2900307932062
2.2900307932062
2.2900307932062
2.2900307932062
2.2900307932062
2.2900307932062
2.2900307932062
2.28780008313468
2.28780008313468
2.27782610131108
2.27153935727056
2.27153935727056
2.24877129189511
2.17930316567342
2.16236696340368
2.15882676311085
2.15882676311085
2.15332673425204
2.12515795539333
2.12515795539333
2.12515795539333
2.12515795539333
2.12021401483909
2.12021401483909
2.09434010309893
2.09434010309893
2.09434010309893
2.09434010309893
2.09296662693683
2.06310486701722
2.06310486701722
2.02174921570662
2.02035745191206
2.02035745191206
1.99165673778308
1.99165673778308
1.99165673778308
1.99165673778308
1.99165673778308
1.99165673778308
1.99165673778308
1.99165673778308
1.99165673778308
1.99165673778308
1.97767662532777
1.97767662532777
1.97767662532777
1.97767662532777
1.97767662532777
1.97767662532777
1.97767662532777
1.97665083738695
1.97665083738695
1.97665083738695
1.96536678307509
1.95354118212157
1.94880431209774
1.94880431209774
1.9366247681764
1.90589778665077
1.90589778665077
1.90589778665077
1.90589778665077
1.90589778665077
1.90589778665077
1.88493755047499
1.88493755047499
1.88493755047499
1.88493755047499
1.88493755047499
1.88493755047499
1.88493755047499
1.86309946072706
1.8384847272944
1.83639346305125
1.83639346305125
1.83639346305125
1.83580007127533
1.83580007127533
1.82716336823599
1.82286006623957
1.82024703504172
1.82024703504172
1.80777431987485
1.80777431987485
1.80777431987485
1.80777431987485
1.80777431987485
1.80777431987485
1.80777431987485
1.77990191656734
1.77190680303933
1.77190680303933
1.74995082300358
1.7467668761621
1.74661847914184
1.74661847914184
1.73454218367104
1.72864938379023
1.72864938379023
1.72864938379023
1.72864938379023
1.70742014302741
1.70742014302741
1.70742014302741
1.6916897579857
1.6916897579857
1.6916897579857
1.6916897579857
1.6916897579857
1.6916897579857
1.6916897579857
1.68815711213227
1.68005160429082
1.64883733230036
1.64670644724672
1.64670644724672
1.64670644724672
1.64670644724672
1.64670644724672
1.64670644724672
1.64670644724672
1.64670644724672
1.64670644724672
1.64670644724672
1.64670644724672
1.64670644724672
1.64670644724672
1.64670644724672
1.64670644724672
1.64670644724672
1.64670644724672
1.64670644724672
1.64670644724672
1.62889980822408
1.62889980822408
1.62889980822408
1.62889980822408
1.62889980822408
1.62889980822408
1.62889980822408
1.62889980822408
1.62889980822408
1.62889980822408
1.62889980822408
1.62889980822408
1.62889980822408
1.62889980822408
1.62889980822408
1.62889980822408
1.60598490661502
1.60598490661502
1.5917742965435
1.58186541945961
1.54655343584625
1.54655343584625
1.54655343584625
1.54655343584625
1.52028005524434
1.51363441716329
1.51363441716329
1.51363441716329
1.49850222709774
1.49850222709774
1.49247337473182
1.48639207504295
1.48639207504295
1.48639207504295
1.48639207504295
1.48639207504295
1.48639207504295
1.477427629559
1.477427629559
1.4574089920441
1.4574089920441
1.4574089920441
1.4574089920441
1.4574089920441
1.4574089920441
1.45592937705281
1.44334220524434
1.4402925568534
1.4402925568534
1.43912767580453
1.43912767580453
1.43912767580453
1.43912767580453
1.40214195107271
1.40214195107271
1.40214195107271
1.39741350092968
1.39741350092968
1.39741350092968
1.39741350092968
1.39741350092968
1.39741350092968
1.39741350092968
1.39741350092968
1.39741350092968
1.39741350092968
1.39741350092968
1.39741350092968
1.39741350092968
1.39741350092968
1.39741350092968
1.39741350092968
1.39741350092968
1.39741350092968
1.39741350092968
1.39741350092968
1.39741350092968
1.39741350092968
1.39741350092968
1.39741350092968
1.39271678119833
1.39271678119833
1.39271678119833
1.39271678119833
1.39271678119833
1.39172277818832
1.39172277818832
1.39172277818832
1.39172277818832
1.39172277818832
1.38050066746126
1.38050066746126
1.38050066746126
1.35662582091776
1.35662582091776
1.35662582091776
1.35662582091776
1.35662582091776
1.2631655011323
1.20838670157926
1.20838670157926
1.20838670157926
1.20838670157926
1.19519410011919
1.19383072240763
1.19383072240763
1.1896862932062
1.1896862932062
1.1896862932062
1.1896862932062
1.1896862932062
1.1896862932062
1.1896862932062
1.18886078107866
1.18886078107866
1.18886078107866
1.18080004290822
1.18080004290822
1.18080004290822
1.18080004290822
1.18080004290822
1.18080004290822
1.15558777038499
1.15558777038499
1.13460822407628
1.13460822407628
1.13460822407628
1.13460822407628
1.13460822407628
1.12866136359216
1.12187057622635
1.11903244605483
1.11903244605483
1.11903244605483
1.11423316805721
1.10700004022646
1.10700004022646
1.10700004022646
1.10700004022646
1.10700004022646
1.08089163075089
1.07039930846246
1.07039930846246
1.04157557029201
1.02942060071514
1.02942060071514
1.02942060071514
1.02942060071514
1.01438285578069
1.01438285578069
1.00225950983313
1.00225950983313
1.00225950983313
1.00225950983313
1.00225950983313
1.00225950983313
1.00225950983313
1.00225950983313
1.00225950983313
1.00225950983313
1.00225950983313
1.00225950983313
0.976024694913207
0.961861242550656
0.952683722914184
0.952683722914184
0.947815980929678
0.916634247318236
0.916634247318236
0.916379211561383
0.916379211561383
0.914532543504172
0.904747083722676
0.904747083722676
0.904607710369488
0.904607710369488
0.904607710369488
0.904607710369488
0.904607710369488
0.904607710369488
0.904607710369488
0.904607710369488
0.904607710369488
0.904607710369488
0.904607710369488
0.904607710369488
0.904607710369488
0.904607710369488
0.904607710369488
0.904607710369488
0.904607710369488
0.904607710369488
0.904607710369488
0.904607710369488
0.904607710369488
0.904607710369488
0.904607710369488
0.904607710369488
0.904607710369488
0.904607710369488
0.904607710369488
0.904607710369488
0.904607710369488
0.904607710369488
0.904607710369488
0.904607710369488
0.90101816677727
0.90101816677727
0.881249106078665
0.881249106078665
0.881249106078665
0.881249106078665
0.848918415316107
0.848918415316107
0.848918415316107
0.848918415316107
0.848918415316107
0.848918415316107
0.848918415316107
0.848918415316107
0.848918415316107
0.848918415316107
0.848918415316107
0.848918415316107
0.848918415316107
0.848918415316107
0.848918415316107
0.848918415316107
0.848918415316107
0.848918415316107
0.848918415316107
0.848918415316107
0.848918415316107
0.848918415316107
0.848918415316107
0.848918415316107
0.848918415316107
0.848918415316107
0.848918415316107
0.848918415316107
0.848918415316107
0.848918415316107
0.848918415316107
0.848918415316107
0.848918415316107
0.848918415316107
0.848918415316107
0.848918415316107
0.848918415316107
0.836420878411831
0.82353648057211
0.820693991343558
0.820207842572554
0.820207842572554
0.820207842572554
0.808212107282589
0.80408970965435
0.792507180303933
0.792507180303933
0.777352661978546
0.77299926033969
0.77299926033969
0.77299926033969
0.77299926033969
0.77299926033969
0.766363147079857
0.754122454112038
0.749584080750894
0.749584080750894
0.749061740166865
0.749061740166865
0.749061740166865
0.749061740166865
0.749061740166865
0.749061740166865
0.749061740166865
0.749061740166865
0.749061740166865
0.749061740166865
0.74810735613826
0.74810735613826
0.74810735613826
0.74810735613826
0.729659929195994
0.706007073666073
0.692425796781883
0.656208485651982
0.656208485651982
0.656208485651982
0.648414965703218
0.642393962646007
0.635309612216925
0.635309612216925
0.635309612216925
0.633851937246722
0.633851937246722
0.633851937246722
0.633851937246722
0.622051730770584
0.603969042014303
0.603969042014303
0.602479012667451
0.600130481176301
0.600130481176301
0.600130481176301
0.600130481176301
0.600130481176301
0.600130481176301
0.595432351126341
0.589335339690107
0.589335339690107
0.589335339690107
0.589335339690107
0.582888198271752
0.572896404573897
0.572896404573897
0.569782844785459
0.558509375488677
0.558509375488677
0.558509375488677
0.558509375488677
0.558509375488677
0.558509375488677
0.558509375488677
0.558509375488677
0.558509375488677
0.558509375488677
0.558509375488677
0.558509375488677
0.558509375488677
0.558509375488677
0.558509375488677
0.558509375488677
0.558509375488677
0.558509375488677
0.556810838796186
0.553116860804371
0.519508871898093
0.519508871898093
0.519508871898093
0.519508871898093
0.519508871898093
0.519508871898093
0.519324872288439
0.519324872288439
0.512489937818832
0.493080066150179
0.493080066150179
0.493080066150179
0.493080066150179
0.493080066150179
0.493080066150179
0.493080066150179
0.493080066150179
0.493080066150179
0.490301112872467
0.477003655589122
0.471621341842282
0.471621341842282
0.471621341842282
0.471025788736591
0.464940016895113
0.464940016895113
0.464940016895113
0.456978166305125
0.445955732646007
0.437336056857829
0.437336056857829
0.42430484874851
0.423218946722289
0.413085518474374
0.413085518474374
0.413085518474374
0.413085518474374
0.413085518474374
0.413085518474374
0.409541885804561
0.409541885804561
0.409541885804561
0.409541885804561
0.409541885804561
0.409541885804561
0.409541885804561
0.409541885804561
0.409541885804561
0.408836329926349
0.403055435300953
0.399413249463647
0.399413249463647
0.391213746297676
0.388047371299166
0.382601323265793
0.370675405244338
0.370675405244338
0.35772075375447
0.356636916207966
0.352497984620779
0.348135915947557
0.346991835518474
0.342524495988866
0.342524495988866
0.342524495988866
0.342524495988866
0.342524495988866
0.342524495988866
0.342524495988866
0.332718076340882
0.332718076340882
0.332718076340882
0.315159310592968
0.315159310592968
0.308005960679142
0.308005960679142
0.308005960679142
0.308005960679142
0.308005960679142
0.308005960679142
0.308005960679142
0.308005960679142
0.308005960679142
0.308005960679142
0.308005960679142
0.308005960679142
0.308005960679142
0.308005960679142
0.308005960679142
0.308005960679142
0.308005960679142
0.308005960679142
0.308005960679142
0.308005960679142
0.308005960679142
0.308005960679142
0.308005960679142
0.308005960679142
0.308005960679142
0.308005960679142
0.308005960679142
0.308005960679142
0.308005960679142
0.308005960679142
0.308005960679142
0.308005960679142
0.308005960679142
0.308005960679142
0.308005960679142
0.308005960679142
0.308005960679142
0.308005960679142
0.308005960679142
0.308005960679142
0.308005960679142
0.308005960679142
0.308005960679142
0.308005960679142
0.308005960679142
0.308005960679142
0.308005960679142
0.308005960679142
0.308005960679142
0.308005960679142
0.308005960679142
0.308005960679142
0.308005960679142
0.308005960679142
0.308005960679142
0.308005960679142
0.308005960679142
0.308005960679142
0.308005960679142
0.308005960679142
0.308005960679142
0.308005960679142
0.298476730244338
0.298476730244338
0.287082010432062
0.287082010432062
0.287082010432062
0.280592123185954
0.26449242960236
0.250702462812872
0.250702462812872
0.250702462812872
0.238623691805721
0.238623691805721
0.233881297079857
0.233881297079857
0.233881297079857
0.233881297079857
0.230586818578431
0.2297399170441
0.228913145989273
0.228913145989273
0.227640652562574
0.213258595709178
0.209085044653321
0.209085044653321
0.209085044653321
0.196437429976162
0.193837923718713
0.193837923718713
0.185261418772348
0.185261418772348
0.185261418772348
0.174962674996762
0.164978514891687
0.164978514891687
0.164978514891687
0.164978514891687
0.164978514891687
0.162774823259514
0.156421716328963
0.156421716328963
0.155741417699642
0.155741417699642
0.152017941326272
0.150418231448684
0.142534110893921
0.127837755660433
0.127837755660433
0.11896218151812
0.11896218151812
0.11896218151812
0.11896218151812
0.11896218151812
0.11896218151812
0.11896218151812
0.11896218151812
0.11896218151812
0.11896218151812
0.11896218151812
0.11896218151812
0.11896218151812
0.11896218151812
0.113522581287247
0.106017595639301
0.0999878500834327
0.0999878500834327
0.0999878500834327
0.0869363880661502
0.0869363880661502
0.0869363880661502
0.0869363880661502
0.0869363880661502
0.0869363880661502
0.0869363880661502
0.0853710071513707
0.0846777523009335
0.0846777523009335
0.0846777523009335
0.0846777523009335
0.0846777523009335
0.0846777523009335
0.0838191568051558
0.081386424386174
0.081386424386174
0.0811810888712753
0.0811810888712753
0.0811810888712753
0.0811810888712753
0.0811810888712753
0.0811810888712753
0.0811810888712753
0.0811810888712753
0.0811810888712753
0.0811810888712753
0.0811810888712753
0.0811810888712753
0.0811810888712753
0.0811810888712753
0.0811810888712753
0.0811810888712753
0.0811810888712753
0.0811810888712753
0.0811810888712753
0.0811810888712753
0.0811810888712753
0.0811810888712753
0.0811810888712753
0.0811810888712753
0.0811810888712753
0.0811810888712753
0.0811810888712753
0.0811810888712753
0.0811810888712753
0.0811810888712753
0.0811810888712753
0.0811810888712753
0.0811810888712753
0.0811810888712753
0.0811810888712753
0.0811810888712753
0.0811810888712753
0.0811810888712753
0.0811810888712753
0.0811810888712753
0.0811810888712753
0.0811810888712753
0.0811810888712753
0.0811810888712753
0.0811810888712753
0.0811810888712753
0.0811810888712753
0.0811810888712753
0.0811810888712753
0.0811810888712753
0.0811810888712753
0.0811810888712753
0.0811810888712753
0.0811810888712753
0.0811810888712753
0.0811810888712753
0.0811810888712753
0.0811810888712753
0.0811810888712753
0.0811810888712753
0.0811810888712753
0.0811810888712753
0.0811810888712753
0.0811810888712753
0.0811810888712753
0.0811810888712753
0.0811810888712753
0.0811810888712753
0.0811810888712753
0.0811810888712753
0.0811810888712753
0.0811810888712753
0.0811810888712753
0.0811810888712753
0.0811810888712753
0.0811810888712753
0.0811810888712753
0.0811810888712753
0.0811810888712753
0.0811810888712753
0.0750361342365912
0.0750361342365912
0.0750361342365912
0.0750361342365912
0.0750361342365912
0.0750361342365912
0.0750361342365912
0.0750361342365912
0.0745300743146603
0.0721522705601907
0.0721522705601907
0.071113093562153
0.0688475864123957
0.0684484710607866
0.0672505159886633
0.0609905236430274
0.0609905236430274
0.0589407538140643
0.0589407538140643
0.0589407538140643
0.0532623197735399
0.0532623197735399
0.0532623197735399
0.0448662716924911
0.0448662716924911
0.0419877994062812
0.0419877994062812
0.0419877994062812
0.0419877994062812
0.0378680337342402
0.0337164421215733
0.0337164421215733
0.0337164421215733
0.0334819340882002
0.0334819340882002
0.0334819340882002
0.0334819340882002
0.0320214517938021
0.0320214517938021
0.0320214517938021
0.0320214517938021
0.0320214517938021
0.0320214517938021
0.0320214517938021
0.0320214517938021
0.0290571116918282
0.0271462569162694
0.0271462569162694
0.0263830580774732
0.025876497159118
0.025876497159118
0.025876497159118
0.025876497159118
0.024074692079857
0.0233582109684619
0.0228674620816437
0.0225208495987935
0.0202692571546484
0.0202692571546484
0.0188147127180792
0.0185839458285413
0.0171987495581049
0.0171987495581049
0.0171987495581049
0.0171987495581049
0.0171987495581049
0.0171987495581049
0.0171474851907032
0.0161043413009535
0.0161043413009535
0.0161043413009535
0.0137963048224076
0.0137963048224076
0.0137963048224076
0.0137695172824791
0.0131728007445494
0.0131728007445494
0.0131472177155819
0.0119886133730632
0.0119886133730632
0.0119886133730632
0.0116994482646007
0.0108638838825983
0.0103015438927294
0.0103015438927294
0.0103015438927294
0.0102942060071514
0.0100658433700834
0.0100658433700834
0.0073800002681764
0.00711983386789889
0.00711983386789889
0.00675020698428727
0.00614116178406276
0.00521332888676996
0.00389263820738975
0.00389263820738975
0.00313201088930274
0.002072513470441
0.002072513470441
0.002072513470441
0.002072513470441
0.00179003724672229
0.00178093668925184
0.00178093668925184
0.00178093668925184
0.00178093668925184
0.00165440133718713
0.0016523420738975
0.0016523420738975
0.0016523420738975
0.0016523420738975
0.00157457290402012
0.00157457290402012
0.00157457290402012
0.00157457290402012
0.00157457290402012
0.00157457290402012
0.00157457290402012
0.00157457290402012
0.00157457290402012
0.00157457290402012
0.00157457290402012
0.00157457290402012
0.00157457290402012
0.00157457290402012
0.00157457290402012
0.00157457290402012
0.00157457290402012
0.00157457290402012
0.00157457290402012
0.00120278517103695
0.00120278517103695
0.00120278517103695
0.000716014898688915
0.000716014898688915
0.000716014898688915
0.000671809161539134
0.00065256987067938
0.00065256987067938
0.000507703138712753
0.000392001589362336
0.000273942146538193
0.000273942146538193
0.000273942146538193
0.000273942146538193
0.000273942146538193
0.000273942146538193
0.000233447614326579
0.000233447614326579
0.000233447614326579
0.000233447614326579
0.000212021401483909
0.000212021401483909
0.000212021401483909
0.000212021401483909
0.000212021401483909
0.000212021401483909
0.000203450916346841
0.000203450916346841
0.000164883733230036
0.000164883733230036
0.000164883733230036
2.97261175923719e-05
2.37900379022646e-05
